80
27 37
33 54
16 21
32 48
24 42
47 50
30 39
35 45
43 52
46 75
12 46
60 87
44 56
46 49
11 46
34 58
24 59
46 70
86 143
76 110
71 115
96 159
81 100
35 93
83 116
41 46
40 57
72 112
2 71
67 139
68 124
41 107
126 140
98 130
45 82
82 130
123 212
65 68
37 53
107 119
92 135
128 231
115 194
55 108
115 133
35 102
1 5
136 223
63 149
17 83
101 217
113 128
137 154
126 221
144 262
62 66
159 224
132 250
196 211
40 123
88 125
11 136
36 44
76 183
109 251
82 109
190 240
214 310
136 170
60 93
101 181
4 131
163 317
47 109
252 376
233 234
163 326
251 299
226 394
179 180
178 324
81 98
7 127
35 64
147 294
62 155
135 153
81 206
94 177
284 373
228 370
59 209
41 242
196 302
138 242
206 244
35 93
119 270
69 71
32 39
278 327
252 326
122 295
321 329
213 326
228 331
190 312
132 168
170 313
282 321
46 205
281 478
259 399
274 396
314 391
65 85
107 125
342 488
184 418
83 265
141 386
294 372
311 423
204 304
192 233
172 439
223 371
328 576
368 581
394 476
139 309
114 262
133 240
31 193
286 345
58 243
217 412
91 214
69 329
135 264
223 517
304 416
145 229
274 319
384 667
172 329
229 251
407 496
337 376
479 689
412 643
381 673
52 298
9 299
284 355
42 343
266 442
270 542
114 141
325 356
510 608
122 432
34 78
276 515
406 481
70 110
176 233
385 430
306 331
67 321
522 824
14 304
187 434
389 509
293 413
383 415
147 161
140 341
100 130
208 351
568 688
81 104
54 97
314 383
336 505
501 799
10 147
40 220
212 345
99 208
340 563
553 772
143 535
21 181
154 226
271 589
566 649
155 375
375 700
160 466
55 281
80 275
49 283
460 558
120 133
422 721
99 505
347 693
404 841
580 783
45 357
494 502
486 612
560 1001
350 662
128 562
109 463
33 117
24 481
78 485
244 397
490 771
332 449
629 892
316 751
696 1096
215 373
185 233
717 820
510 945
703 1036
575 958
512 985
302 388
570 884
711 1035
702 1118
35 455
586 752
559 844
157 235
343 807
543 863
210 632
178 292
331 423
465 724
480 609
372 885
650 773
625 962
432 490
371 627
479 693
505 1029
58 97
235 472
409 676
594 597
214 421
307 848
626 915
308 389
618 930
321 391
802 1130
6 222
778 963
6 250
241 513
168 308
773 1189
798 1067
277 602
175 375
825 1243
159 215
806 899
26 332
787 1218
319 668
509 873
199 628
772 1070
864 899
405 945
684 810
703 1153
69 175
388 566
762 818
478 623
213 430
118 655
794 982
211 695
3 278
249 339
431 929
775 1369
503 654
598 763
484 964
271 881
840 867
49 337
454 1004
839 1193
632 1256
221 613
552 894
393 790
604 1161
675 1020
82 627
562 645
295 437
975 1218
895 1061
732 734
491 613
973 1011
999 1653
227 799
332 620
223 559
574 1046
1007 1017
995 1498
314 550
296 854
281 719
787 1417
48 127
133 349
845 1176
761 1360
436 1043
221 910
887 989
925 1358
170 373
576 787
988 1635
555 1216
25 641
384 485
1008 1207
404 985
607 847
919 1416
272 412
230 759
589 1236
129 361
759 951
144 221
473 1172
364 883
692 1278
425 754
909 1050
555 647
1119 1551
769 1273
806 990
435 750
980 1543
160 897
956 1632
674 789
885 1443
743 1442
712 771
710 1058
677 1399
496 1027
178 944
650 1099
556 873
330 710
508 707
280 417
806 1579
33 148
863 1220
464 1197
857 1132
943 1714
238 723
114 744
865 1365
445 833
1004 1080
1138 1243
753 1522
96 891
402 719
207 847
1059 1515
351 595
570 998
60 242
1160 1200
1131 1890
695 785
1223 1281
319 1127
76 208
1027 1487
75 159
813 1096
1213 2010
764 1062
535 611
1217 1753
389 1175
438 954
1069 1749
1127 1431
613 623
573 740
262 1092
177 320
1160 1648
1298 1503
167 982
1228 1918
891 1063
853 1726
224 709
430 623
1139 1751
138 713
440 881
646 831
1048 1873
1012 1402
259 1004
1039 1761
184 214
479 1344
678 1558
597 990
746 907
1251 1366
446 663
238 806
1125 1913
1018 1396
905 1735
1123 1983
1320 1690
866 1469
79 103
670 1503
1294 1432
1216 1602
216 569
83 599
238 593
1033 1698
901 1496
220 867
1399 1715
773 868
121 367
187 424
60 624
921 1188
446 888
630 1404
250 820
492 1141
251 1092
984 1591
298 706
692 1427
21 134
485 880
669 1329
773 1329
1068 1347
293 694
691 1228
483 1169
1192 1317
775 925
463 1247
928 1552
207 999
1122 1969
689 1155
1412 1718
1451 2146
1061 1708
690 940
681 1144
48 1015
297 855
1227 1385
1023 1394
130 191
765 1076
694 1209
509 1205
732 986
147 698
907 1144
1099 1861
1393 2265
561 1421
698 966
862 1791
1231 2131
1477 1839
716 1605
194 735
993 1666
293 498
955 1824
50 197
939 1527
526 1040
543 1333
595 599
502 1530
938 1733
1618 2546
195 1219
413 665
1328 1853
539 556
364 517
1240 1321
952 1469
782 1358
1322 1975
1076 1891
1439 1833
912 1928
575 911
111 175
792 1096
145 588
1190 2107
890 924
1269 2369
618 1500
1561 2213
1414 1807
724 1401
937 1910
790 869
590 691
1027 1624
1182 1835
1155 1960
392 1146
1260 1840
393 1286
27 101
86 593
1407 2134
725 990
909 1569
553 868
1077 1686
1360 1954
164 342
652 1097
759 970
894 1807
1006 2034
1297 1686
1498 1616
1380 2374
736 1689
106 482
1359 1585
1685 2059
759 1866
1710 2217
1778 2106
1622 1875
231 336
879 1499
287 466
1624 1897
325 847
120 298
565 1334
1172 1426
1766 2260
31 844
1332 2525
1049 1835
1245 1456
1226 2346
1699 2559
1177 2198
1035 1509
1618 2212
1101 2020
967 1621
747 907
1791 2201
1212 1412
302 425
594 1822
1565 2439
1699 1726
218 694
211 678
583 1727
149 1299
487 1289
891 1934
591 1005
1262 1303
193 1450
840 1794
1726 2984
1207 1801
488 1218
1375 1656
986 1662
759 1251
1780 1993
47 614
1449 1591
1358 1630
1408 1809
474 1669
1777 2155
452 1197
1322 1523
264 919
414 856
1618 2342
266 842
913 2167
559 1644
5 163
972 1746
610 1655
1179 1564
1955 2590
1362 2312
1552 2191
98 444
342 1531
1875 2863
1852 2170
896 1076
1084 1885
461 1475
398 910
46 833
1844 3004
1967 3220
657 1168
334 1175
1265 1461
1319 2537
837 1023
666 1657
914 1162
594 1526
755 1099
854 1164
482 1696
461 1429
233 1521
1640 1789
1864 2157
532 900
831 1089
1628 2387
468 1484
310 1286
458 1242
995 1640
547 1126
1799 2797
833 1447
39 594
1473 2861
726 1671
1603 1643
1666 1853
296 1638
775 2079
1445 2503
757 1242
1942 2157
1912 2305
747 1990
59 526
927 2217
1577 1656
1447 1927
395 1443
969 1095
1523 2686
1323 1396
1191 2558
47 935
910 2101
521 1113
1676 1999
286 1403
756 1782
1488 1637
708 825
916 1879
1544 2461
2104 3073
1814 2533
99 1450
390 735
2031 3124
1088 1141
1750 2637
1315 2069
1075 1111
2070 3347
2006 2421
2126 2306
348 365
1917 2232
1789 3264
218 504
2085 3416
1665 2601
2037 3006
461 1085
1459 2678
1096 2192
1370 1509
708 1320
908 1337
1383 1493
258 777
1094 1430
2113 3074
1729 2170
924 1053
1090 2087
1892 2983
970 1057
1240 2163
467 1410
1268 2058
1378 2412
519 1424
769 2103
1829 1958
240 1186
2 278
1784 2583
515 1321
985 1147
2223 2519
2237 2576
9 914
1107 1407
1510 1748
2315 3038
999 2067
663 696
203 837
317 1403
1587 2290
1198 1386
1711 2298
870 999
1542 1805
233 755
103 481
879 2135
826 1720
1124 2571
1310 1436
1933 3430
1964 3019
305 956
254 745
2253 3625
2076 2182
1739 2556
947 1624
1232 1847
2241 3511
1118 2264
2149 3578
420 1717
1051 2242
916 1544
830 1454
490 2024
1608 2067
1082 1116
206 1032
669 1708
681 782
698 1435
405 1854
2142 2922
960 1652
1020 1819
2452 2977
730 1707
2447 3214
2403 3139
1966 2559
714 2044
999 2629
1160 2555
1705 1760
1184 1900
992 1873
1522 2252
572 1736
597 1512
2169 3455
480 672
1787 2891
1660 2940
531 1937
1513 2232
1099 1186
445 1676
626 1119
971 1308
1668 2000
684 1973
2313 3770
342 1755
540 1273
1470 1717
208 1238
1664 2799
1409 2910
1995 3369
2265 3241
1926 2091
1119 2041
1732 2523
2375 2902
1018 2491
434 1458
35 322
2091 3437
1460 2610
1125 1974
1979 2702
1454 1658
1564 2747
501 2202
2077 3136
2040 3029
667 2285
1651 2373
1442 2947
508 899
2312 2660
696 1851
1730 2694
1713 2659
490 803
1318 1740
46 1359
2584 3005
185 699
2657 3595
949 1537
2418 3418
615 2120
1774 3375
1202 1452
268 803
2588 2597
178 467
2132 3621
1573 2757
1700 1886
1472 2102
1993 2131
949 1422
1781 2462
1686 1813
144 1808
307 1487
965 1929
519 1795
1398 2723
1185 1411
850 2198
1487 3283
1827 3022
199 638
1371 1822
1771 3046
280 2060
2077 2930
2022 3459
945 2362
8 1101
2198 2330
2646 2945
2172 3267
881 1581
1385 1603
2635 3481
1754 2849
2530 3873
370 2120
2715 3586
2007 3241
97 1818
1703 2056
273 1472
2787 3387
149 275
2223 2692
80 1262
1543 2360
1522 2284
1152 2188
1858 1918
207 1753
1115 1197
2164 3845
1482 2524
2593 3665
2795 3371
842 1017
53 1267
1813 3494
764 2101
718 881
1186 2346
2525 3747
2253 4036
1931 3834
1771 2838
2681 2853
1137 2471
1247 2221
462 1531
292 625
2461 3835
1095 1158
1887 3804
1503 1808
651 892
2204 3532
1102 2463
1298 2681
445 948
2542 4043
1794 3234
2866 3850
826 1957
895 988
1626 2388
985 1600
1583 3087
1034 1416
883 1265
1303 1383
2290 3717
2088 2358
1696 2933
2859 4228
1893 3070
408 2379
619 1665
924 1429
1620 2618
1060 2097
449 1837
1295 1654
1879 2794
1047 1309
1830 2577
1928 2099
588 962
1359 3242
1970 3952
2194 3050
2457 3760
672 2186
2600 4270
2588 3625
2930 3820
2850 3492
74 841
2449 3231
