20
14 28
9 13
40 59
18 43
10 26
17 26
33 46
56 65
51 79
17 30
64 102
54 88
40 60
6 40
51 96
62 94
28 31
9 32
62 112
76 127
4 8
4 6
53 87
73 140
83 86
51 70
58 119
55 98
6 51
100 116
54 84
120 151
22 76
61 82
80 101
38 88
118 192
96 177
79 145
29 58
120 204
147 233
81 186
133 176
56 125
138 207
35 97
163 183
36 78
166 235
116 202
46 157
38 52
31 72
78 139
148 234
53 91
51 158
92 204
117 121
202 207
8 97
192 315
197 221
21 151
13 65
216 287
211 330
184 209
222 321
106 154
213 262
205 274
125 132
53 182
99 125
180 183
246 346
119 246
45 60
139 169
185 344
247 359
91 219
41 159
132 290
208 323
53 86
213 328
176 221
61 192
241 267
46 84
133 145
252 319
168 269
244 378
145 216
201 324
88 199
